QNAME,QDATU,HOUR,FLOW,FLOOR,LINES_PICKED,ITEMS_PICKED,RATIO,EFFORT,PRODUCTIVITY
ABDIM11,2026-02-25,10,B-flow,ground_floor,21,186,8.86,0.75,28.0
ABDIM11,2026-02-25,11,B-flow,ground_floor,38,444,11.68,0.5,76.0
ABDIM11,2026-02-25,13,B-flow,ground_floor,32,561,17.53,0.75,42.67
ANDRUK3,2026-02-25,11,A-flow,ground_floor,1,10,10.0,0.5,2.0
ANDRUK3,2026-02-25,13,A-flow,ground_floor,6,67,11.17,0.75,8.0
ANGELD6,2026-02-25,7,B-flow,ground_floor,14,89,6.36,1.0,14.0
ATANAG3,2026-02-25,15,A-flow,ground_floor,9,90,10.0,0.5,18.0
ATANAG3,2026-02-25,15,B-flow,ground_floor,20,352,17.6,0.5,40.0
ATANAG3,2026-02-25,16,B-flow,ground_floor,12,328,27.33,1.0,12.0
BAZIUK2,2026-02-25,15,A-flow,ground_floor,6,15,2.5,0.5,12.0
BAZIUK2,2026-02-25,15,B-flow,ground_floor,14,145,10.36,0.5,28.0
BAZIUK2,2026-02-25,16,B-flow,ground_floor,23,194,8.43,1.0,23.0
BAZIUK2,2026-02-25,17,A-flow,ground_floor,8,86,10.75,0.38,21.33
BAZIUK2,2026-02-25,17,B-flow,ground_floor,12,215,17.92,0.38,32.0
BAZIUK2,2026-02-25,18,A-flow,ground_floor,14,136,9.71,0.5,28.0
BAZIUK2,2026-02-25,18,B-flow,ground_floor,16,237,14.81,0.5,32.0
BAZIUK2,2026-02-25,19,A-flow,ground_floor,43,439,10.21,0.5,86.0
BAZIUK2,2026-02-25,20,A-flow,ground_floor,10,163,16.3,0.5,20.0
BAZIUK2,2026-02-25,20,B-flow,ground_floor,67,418,6.24,0.5,134.0
BAZIUK2,2026-02-25,21,A-flow,ground_floor,33,565,17.12,0.75,44.0
BAZIUK2,2026-02-25,22,A-flow,ground_floor,6,28,4.67,0.33,18.0
BAZIUK2,2026-02-25,22,B-flow,ground_floor,30,245,8.17,0.33,90.0
BAZIUK2,2026-02-25,22,unknown_flow,ground_floor,13,43,3.31,0.33,39.0
BUDIAO2,2026-02-25,7,A-flow,ground_floor,14,359,25.64,1.0,14.0
CHROBJ2,2026-02-25,7,B-flow,ground_floor,37,273,7.38,1.0,37.0
CHROBJ2,2026-02-25,8,B-flow,ground_floor,34,194,5.71,1.0,34.0
CHROBJ2,2026-02-25,9,B-flow,ground_floor,1,1,1.0,1.0,1.0
CHROBM2,2026-02-25,0,A-flow,ground_floor,1,1,1.0,0.5,2.0
CHROBM2,2026-02-25,0,B-flow,ground_floor,36,532,14.78,0.5,72.0
CHROBM2,2026-02-25,1,B-flow,ground_floor,30,319,10.63,1.0,30.0
CHROBM2,2026-02-25,2,B-flow,ground_floor,6,50,8.33,1.0,6.0
CHROBM2,2026-02-25,3,B-flow,ground_floor,22,227,10.32,1.0,22.0
CHROBM2,2026-02-25,4,B-flow,ground_floor,28,447,15.96,1.0,28.0
CHROBM2,2026-02-25,5,A-flow,ground_floor,9,105,11.67,1.0,9.0
CHROBM2,2026-02-25,6,A-flow,ground_floor,10,301,30.1,0.5,20.0
CHROBM2,2026-02-25,6,B-flow,ground_floor,25,405,16.2,0.5,50.0
CHROBM2,2026-02-25,7,B-flow,ground_floor,28,268,9.57,1.0,28.0
CHROBM2,2026-02-25,8,B-flow,ground_floor,18,161,8.94,1.0,18.0
DEBETH2,2026-02-25,13,A-flow,ground_floor,15,20,1.33,0.38,40.0
DEBETH2,2026-02-25,13,B-flow,ground_floor,17,204,12.0,0.38,45.33
DEBETH2,2026-02-25,14,A-flow,ground_floor,9,91,10.11,0.5,18.0
DEBETH2,2026-02-25,14,B-flow,ground_floor,3,54,18.0,0.5,6.0
DEBETH2,2026-02-25,15,A-flow,ground_floor,9,54,6.0,1.0,9.0
DEBETH2,2026-02-25,17,B-flow,ground_floor,7,90,12.86,0.75,9.33
DEBETH2,2026-02-25,18,B-flow,ground_floor,10,144,14.4,1.0,10.0
DOROBA2,2026-02-25,15,A-flow,ground_floor,12,176,14.67,1.0,12.0
DOROBA2,2026-02-25,16,B-flow,ground_floor,26,202,7.77,1.0,26.0
DOROBA2,2026-02-25,17,A-flow,ground_floor,6,42,7.0,0.38,16.0
DOROBA2,2026-02-25,17,B-flow,ground_floor,11,210,19.09,0.38,29.33
DOROBA2,2026-02-25,18,A-flow,ground_floor,7,70,10.0,1.0,7.0
DOROBA2,2026-02-25,19,A-flow,ground_floor,5,80,16.0,0.5,10.0
DOROBA2,2026-02-25,20,A-flow,ground_floor,14,329,23.5,1.0,14.0
DOROBA2,2026-02-25,21,A-flow,ground_floor,4,100,25.0,0.75,5.33
DOROBA2,2026-02-25,22,A-flow,ground_floor,4,75,18.75,1.0,4.0
FANELS2,2026-02-25,15,A-flow,ground_floor,9,18,2.0,0.5,18.0
FANELS2,2026-02-25,15,B-flow,ground_floor,24,388,16.17,0.5,48.0
FANELS2,2026-02-25,16,B-flow,ground_floor,43,643,14.95,1.0,43.0
FANELS2,2026-02-25,17,A-flow,ground_floor,9,9,1.0,0.38,24.0
FANELS2,2026-02-25,17,B-flow,ground_floor,13,309,23.77,0.38,34.67
FANELS2,2026-02-25,18,B-flow,ground_floor,57,1094,19.19,1.0,57.0
FANELS2,2026-02-25,19,A-flow,ground_floor,7,156,22.29,0.25,28.0
FANELS2,2026-02-25,19,B-flow,ground_floor,21,244,11.62,0.25,84.0
FANELS2,2026-02-25,20,A-flow,ground_floor,47,957,20.36,1.0,47.0
FANELS2,2026-02-25,21,A-flow,ground_floor,18,327,18.17,0.75,24.0
FANELS2,2026-02-25,22,B-flow,ground_floor,36,392,10.89,0.5,72.0
FANELS2,2026-02-25,22,unknown_flow,ground_floor,13,229,17.62,0.5,26.0
FIREKP2,2026-02-25,15,A-flow,ground_floor,17,160,9.41,0.5,34.0
FIREKP2,2026-02-25,15,B-flow,ground_floor,5,108,21.6,0.5,10.0
FIREKP2,2026-02-25,16,B-flow,ground_floor,39,435,11.15,1.0,39.0
FIREKP2,2026-02-25,17,A-flow,ground_floor,8,95,11.88,0.38,21.33
FIREKP2,2026-02-25,17,B-flow,ground_floor,23,1434,62.35,0.38,61.33
GARCIM424,2026-02-25,20,A-flow,ground_floor,4,67,16.75,1.0,4.0
GARCIM424,2026-02-25,21,A-flow,ground_floor,2,2,1.0,0.75,2.67
GEORGA19,2026-02-25,15,A-flow,ground_floor,24,422,17.58,1.0,24.0
GEORGA19,2026-02-25,16,A-flow,ground_floor,48,905,18.85,1.0,48.0
GLISZP2,2026-02-25,15,B-flow,ground_floor,30,199,6.63,1.0,30.0
GLISZP2,2026-02-25,16,A-flow,ground_floor,10,226,22.6,0.5,20.0
GLISZP2,2026-02-25,16,B-flow,ground_floor,9,93,10.33,0.5,18.0
GLISZP2,2026-02-25,17,A-flow,ground_floor,20,20,1.0,0.75,26.67
GNANAG2,2026-02-25,17,unknown_flow,ground_floor,1,1,1.0,0.75,1.33
GNANAG2,2026-02-25,18,B-flow,ground_floor,23,732,31.83,1.0,23.0
GNANAG2,2026-02-25,19,A-flow,ground_floor,1,1,1.0,0.25,4.0
GNANAG2,2026-02-25,19,B-flow,ground_floor,7,180,25.71,0.25,28.0
GNANAG2,2026-02-25,20,A-flow,ground_floor,68,185,2.72,1.0,68.0
GNANAG2,2026-02-25,21,A-flow,ground_floor,18,18,1.0,0.75,24.0
GNANAG2,2026-02-25,22,A-flow,ground_floor,10,19,1.9,1.0,10.0
GODLEL2,2026-02-25,15,A-flow,ground_floor,5,121,24.2,0.5,10.0
GODLEL2,2026-02-25,15,B-flow,ground_floor,12,91,7.58,0.5,24.0
GODLEL2,2026-02-25,16,A-flow,ground_floor,5,25,5.0,0.5,10.0
GODLEL2,2026-02-25,16,B-flow,ground_floor,7,73,10.43,0.5,14.0
GODLEL2,2026-02-25,17,A-flow,ground_floor,20,168,8.4,0.75,26.67
GODLEL2,2026-02-25,18,A-flow,ground_floor,7,42,6.0,1.0,7.0
GODLEL2,2026-02-25,19,A-flow,ground_floor,10,60,6.0,0.5,20.0
GODLEL2,2026-02-25,20,A-flow,ground_floor,6,36,6.0,1.0,6.0
GODLEL2,2026-02-25,21,A-flow,ground_floor,3,18,6.0,0.75,4.0
GODLEL2,2026-02-25,22,A-flow,ground_floor,1,1,1.0,1.0,1.0
GOYKEP2,2026-02-25,9,A-flow,ground_floor,1,6,6.0,1.0,1.0
HAMERP2,2026-02-25,7,A-flow,ground_floor,9,90,10.0,0.5,18.0
HAMERP2,2026-02-25,7,B-flow,ground_floor,40,897,22.42,0.5,80.0
HAMERP2,2026-02-25,8,B-flow,ground_floor,49,639,13.04,1.0,49.0
HAMERP2,2026-02-25,9,B-flow,ground_floor,62,1524,24.58,1.0,62.0
HAMERP2,2026-02-25,10,B-flow,ground_floor,39,501,12.85,0.75,52.0
HAMERP2,2026-02-25,11,B-flow,ground_floor,46,1000,21.74,0.5,92.0
HAMERP2,2026-02-25,12,B-flow,ground_floor,16,79,4.94,1.0,16.0
HAMERP2,2026-02-25,13,A-flow,ground_floor,33,164,4.97,0.25,132.0
HAMERP2,2026-02-25,13,B-flow,ground_floor,15,159,10.6,0.25,60.0
HAMERP2,2026-02-25,13,unknown_flow,ground_floor,8,26,3.25,0.25,32.0
HAMERP2,2026-02-25,14,B-flow,ground_floor,20,184,9.2,0.5,40.0
HAMERP2,2026-02-25,14,unknown_flow,ground_floor,9,154,17.11,0.5,18.0
HAMERP2,2026-02-25,15,A-flow,ground_floor,11,84,7.64,0.5,22.0
HAMERP2,2026-02-25,15,B-flow,ground_floor,12,129,10.75,0.5,24.0
HRLOUB105,2026-02-25,15,B-flow,ground_floor,21,187,8.9,1.0,21.0
HRLOUB105,2026-02-25,16,B-flow,ground_floor,18,513,28.5,1.0,18.0
HRLOUB105,2026-02-25,18,A-flow,ground_floor,20,80,4.0,1.0,20.0
HRLOUB105,2026-02-25,19,B-flow,ground_floor,6,33,5.5,0.5,12.0
HRLOUB105,2026-02-25,20,A-flow,ground_floor,13,150,11.54,0.5,26.0
HRLOUB105,2026-02-25,20,B-flow,ground_floor,55,243,4.42,0.5,110.0
HRLOUB105,2026-02-25,21,B-flow,ground_floor,20,247,12.35,0.75,26.67
HRLOUB105,2026-02-25,22,B-flow,ground_floor,96,298,3.1,1.0,96.0
HRLOUB106,2026-02-25,15,A-flow,ground_floor,11,204,18.55,1.0,11.0
HRLOUB106,2026-02-25,16,B-flow,ground_floor,21,209,9.95,1.0,21.0
HRLOUB106,2026-02-25,17,A-flow,ground_floor,9,55,6.11,0.75,12.0
HRLOUB106,2026-02-25,18,A-flow,ground_floor,2,2,1.0,0.5,4.0
HRLOUB106,2026-02-25,18,B-flow,ground_floor,23,191,8.3,0.5,46.0
HRLOUB106,2026-02-25,21,A-flow,ground_floor,2,20,10.0,0.75,2.67
HRLOUB106,2026-02-25,22,B-flow,ground_floor,43,841,19.56,1.0,43.0
HRLOUB12,2026-02-25,7,B-flow,ground_floor,48,467,9.73,1.0,48.0
HRLOUB12,2026-02-25,8,B-flow,ground_floor,36,284,7.89,1.0,36.0
HRLOUB12,2026-02-25,9,B-flow,ground_floor,23,581,25.26,1.0,23.0
HRLOUB12,2026-02-25,10,B-flow,ground_floor,60,1107,18.45,0.75,80.0
HRLOUB12,2026-02-25,11,B-flow,ground_floor,36,980,27.22,0.5,72.0
HRLOUB12,2026-02-25,12,A-flow,ground_floor,9,206,22.89,0.5,18.0
HRLOUB12,2026-02-25,12,B-flow,ground_floor,35,710,20.29,0.5,70.0
HRLOUB12,2026-02-25,13,A-flow,ground_floor,8,32,4.0,0.38,21.33
HRLOUB12,2026-02-25,13,B-flow,ground_floor,22,373,16.95,0.38,58.67
HRLOUB12,2026-02-25,14,B-flow,ground_floor,43,421,9.79,1.0,43.0
HRLOUB12,2026-02-25,15,A-flow,ground_floor,19,172,9.05,1.0,19.0
HRLOUB21,2026-02-25,7,B-flow,ground_floor,39,691,17.72,1.0,39.0
HRLOUB21,2026-02-25,8,B-flow,ground_floor,42,561,13.36,1.0,42.0
HRLOUB21,2026-02-25,9,B-flow,ground_floor,15,154,10.27,1.0,15.0
HRLOUB21,2026-02-25,10,B-flow,ground_floor,32,293,9.16,0.75,42.67
HRLOUB21,2026-02-25,11,B-flow,ground_floor,17,425,25.0,0.5,34.0
HRLOUB21,2026-02-25,12,A-flow,ground_floor,2,2,1.0,0.5,4.0
HRLOUB21,2026-02-25,12,B-flow,ground_floor,14,145,10.36,0.5,28.0
HRLOUB21,2026-02-25,13,A-flow,ground_floor,33,99,3.0,0.38,88.0
HRLOUB21,2026-02-25,13,B-flow,ground_floor,12,112,9.33,0.38,32.0
HRLOUB21,2026-02-25,14,A-flow,ground_floor,24,238,9.92,1.0,24.0
HRLOUB21,2026-02-25,15,A-flow,ground_floor,14,390,27.86,1.0,14.0
HRLOUB248,2026-02-25,7,B-flow,ground_floor,33,159,4.82,1.0,33.0
HRLOUB248,2026-02-25,8,B-flow,ground_floor,34,334,9.82,1.0,34.0
HRLOUB248,2026-02-25,9,B-flow,ground_floor,19,162,8.53,1.0,19.0
HRLOUB248,2026-02-25,14,A-flow,ground_floor,10,98,9.8,0.5,20.0
HRLOUB248,2026-02-25,14,B-flow,ground_floor,14,404,28.86,0.5,28.0
HRLOUB248,2026-02-25,15,A-flow,ground_floor,9,149,16.56,0.5,18.0
HRLOUB248,2026-02-25,15,B-flow,ground_floor,11,111,10.09,0.5,22.0
HRLOUB27,2026-02-25,7,A-flow,ground_floor,35,102,2.91,0.5,70.0
HRLOUB27,2026-02-25,7,B-flow,ground_floor,17,109,6.41,0.5,34.0
HRLOUB27,2026-02-25,12,B-flow,ground_floor,9,90,10.0,1.0,9.0
HRLOUB27,2026-02-25,13,B-flow,ground_floor,45,1058,23.51,0.75,60.0
HRLOUB27,2026-02-25,14,B-flow,ground_floor,25,119,4.76,1.0,25.0
HRLOUB27,2026-02-25,15,A-flow,ground_floor,6,150,25.0,0.5,12.0
HRLOUB27,2026-02-25,15,B-flow,ground_floor,14,90,6.43,0.5,28.0
HRLOUB33,2026-02-25,7,B-flow,ground_floor,32,390,12.19,1.0,32.0
HRLOUB33,2026-02-25,9,A-flow,ground_floor,22,257,11.68,1.0,22.0
HRLOUB33,2026-02-25,10,A-flow,ground_floor,2,11,5.5,0.38,5.33
HRLOUB33,2026-02-25,10,B-flow,ground_floor,20,142,7.1,0.38,53.33
HRLOUB33,2026-02-25,11,B-flow,ground_floor,30,623,20.77,0.5,60.0
HRLOUB33,2026-02-25,12,B-flow,ground_floor,20,226,11.3,1.0,20.0
HRLOUB33,2026-02-25,13,B-flow,ground_floor,27,339,12.56,0.75,36.0
HRLOUB33,2026-02-25,14,B-flow,ground_floor,32,616,19.25,1.0,32.0
HRLOUB33,2026-02-25,15,A-flow,ground_floor,8,111,13.88,1.0,8.0
HRLOUB40,2026-02-25,7,B-flow,ground_floor,27,299,11.07,1.0,27.0
HRLOUB59,2026-02-25,15,A-flow,ground_floor,10,134,13.4,1.0,10.0
HRLOUB59,2026-02-25,16,A-flow,ground_floor,1,1,1.0,0.5,2.0
HRLOUB59,2026-02-25,16,B-flow,ground_floor,21,237,11.29,0.5,42.0
HRLOUB59,2026-02-25,17,A-flow,ground_floor,19,103,5.42,0.38,50.67
HRLOUB59,2026-02-25,17,B-flow,ground_floor,8,23,2.88,0.38,21.33
HRLOUB59,2026-02-25,18,A-flow,ground_floor,17,188,11.06,0.5,34.0
HRLOUB59,2026-02-25,18,B-flow,ground_floor,10,37,3.7,0.5,20.0
HRLOUB59,2026-02-25,19,A-flow,ground_floor,5,54,10.8,0.5,10.0
HRLOUB59,2026-02-25,20,A-flow,ground_floor,12,108,9.0,1.0,12.0
HRLOUB59,2026-02-25,21,A-flow,ground_floor,11,90,8.18,0.75,14.67
HRLOUB59,2026-02-25,22,A-flow,ground_floor,7,57,8.14,1.0,7.0
HRLOUB67,2026-02-25,7,B-flow,ground_floor,12,98,8.17,1.0,12.0
HRLOUB67,2026-02-25,8,B-flow,ground_floor,36,415,11.53,1.0,36.0
HRLOUB67,2026-02-25,9,B-flow,ground_floor,14,29,2.07,1.0,14.0
HRLOUB67,2026-02-25,10,B-flow,ground_floor,26,162,6.23,0.75,34.67
IACOBC2,2026-02-25,11,A-flow,ground_floor,8,110,13.75,0.5,16.0
IACOBC2,2026-02-25,12,A-flow,ground_floor,11,140,12.73,1.0,11.0
IACOBC2,2026-02-25,13,A-flow,ground_floor,28,127,4.54,0.75,37.33
IACOBC2,2026-02-25,14,A-flow,ground_floor,1,1,1.0,1.0,1.0
IACOBI2,2026-02-25,7,A-flow,ground_floor,9,51,5.67,0.5,18.0
IACOBI2,2026-02-25,7,B-flow,ground_floor,39,702,18.0,0.5,78.0
IACOBI2,2026-02-25,8,B-flow,ground_floor,45,276,6.13,1.0,45.0
IACOBI2,2026-02-25,9,B-flow,ground_floor,30,216,7.2,1.0,30.0
IACOBI2,2026-02-25,10,B-flow,ground_floor,15,375,25.0,0.75,20.0
IACOBI2,2026-02-25,11,B-flow,ground_floor,4,19,4.75,0.5,8.0
IACOBI2,2026-02-25,12,B-flow,ground_floor,21,99,4.71,1.0,21.0
IACOBI2,2026-02-25,13,B-flow,ground_floor,10,60,6.0,0.75,13.33
IACOBI2,2026-02-25,14,B-flow,ground_floor,25,231,9.24,1.0,25.0
IACOBI2,2026-02-25,15,A-flow,ground_floor,10,176,17.6,1.0,10.0
IVANEA2,2026-02-25,15,A-flow,ground_floor,7,35,5.0,1.0,7.0
IVANEA2,2026-02-25,17,B-flow,ground_floor,6,66,11.0,0.75,8.0
IVANEA2,2026-02-25,18,A-flow,ground_floor,9,9,1.0,0.5,18.0
IVANEA2,2026-02-25,18,B-flow,ground_floor,20,405,20.25,0.5,40.0
IVANEA2,2026-02-25,19,A-flow,ground_floor,10,151,15.1,0.5,20.0
IVANEA2,2026-02-25,20,A-flow,ground_floor,16,306,19.12,0.5,32.0
IVANEA2,2026-02-25,20,B-flow,ground_floor,33,851,25.79,0.5,66.0
IVANEA2,2026-02-25,21,A-flow,ground_floor,9,29,3.22,0.25,36.0
IVANEA2,2026-02-25,21,B-flow,ground_floor,30,773,25.77,0.25,120.0
IVANEA2,2026-02-25,21,unknown_flow,ground_floor,3,9,3.0,0.25,12.0
IVANEA2,2026-02-25,22,B-flow,ground_floor,40,464,11.6,1.0,40.0
KANIAR2,2026-02-25,15,A-flow,ground_floor,6,6,1.0,0.5,12.0
KANIAR2,2026-02-25,15,B-flow,ground_floor,10,116,11.6,0.5,20.0
KANIAR2,2026-02-25,16,B-flow,ground_floor,57,1035,18.16,1.0,57.0
KANIAR2,2026-02-25,17,A-flow,ground_floor,7,7,1.0,0.38,18.67
KANIAR2,2026-02-25,17,B-flow,ground_floor,13,249,19.15,0.38,34.67
KANIAR2,2026-02-25,18,A-flow,ground_floor,18,18,1.0,1.0,18.0
KANIAR2,2026-02-25,19,A-flow,ground_floor,11,224,20.36,0.5,22.0
KANIAR2,2026-02-25,20,A-flow,ground_floor,15,701,46.73,1.0,15.0
KANIAR2,2026-02-25,21,A-flow,ground_floor,80,1361,17.01,0.75,106.67
KANIAR2,2026-02-25,22,A-flow,ground_floor,79,3328,42.13,1.0,79.0
KAROLA2,2026-02-25,7,B-flow,ground_floor,16,137,8.56,1.0,16.0
KAROLA2,2026-02-25,8,B-flow,ground_floor,53,887,16.74,1.0,53.0
KAROLA2,2026-02-25,9,B-flow,ground_floor,13,106,8.15,1.0,13.0
KAROLA2,2026-02-25,10,B-flow,ground_floor,10,170,17.0,0.75,13.33
KAROLA2,2026-02-25,12,B-flow,ground_floor,6,128,21.33,1.0,6.0
KAROLA2,2026-02-25,13,A-flow,ground_floor,19,63,3.32,0.75,25.33
KAROLA2,2026-02-25,14,B-flow,ground_floor,23,415,18.04,1.0,23.0
KAROLA2,2026-02-25,15,A-flow,ground_floor,2,7,3.5,0.5,4.0
KAROLA2,2026-02-25,15,B-flow,ground_floor,22,236,10.73,0.5,44.0
KAZNOO2,2026-02-25,7,B-flow,ground_floor,47,316,6.72,1.0,47.0
KAZNOO2,2026-02-25,8,B-flow,ground_floor,25,307,12.28,1.0,25.0
KAZNOO2,2026-02-25,9,B-flow,ground_floor,25,593,23.72,1.0,25.0
KAZNOO2,2026-02-25,10,B-flow,ground_floor,53,781,14.74,0.75,70.67
KAZNOO2,2026-02-25,12,B-flow,ground_floor,52,661,12.71,1.0,52.0
KAZNOO2,2026-02-25,13,B-flow,ground_floor,14,159,11.36,0.75,18.67
KAZNOO2,2026-02-25,14,B-flow,ground_floor,51,523,10.25,1.0,51.0
KAZNOO2,2026-02-25,15,A-flow,ground_floor,6,107,17.83,1.0,6.0
KUCHAW2,2026-02-25,8,A-flow,ground_floor,1,10,10.0,1.0,1.0
KYTSAR2,2026-02-25,7,A-flow,ground_floor,18,180,10.0,0.5,36.0
KYTSAR2,2026-02-25,7,B-flow,ground_floor,7,64,9.14,0.5,14.0
KYTSAR2,2026-02-25,13,B-flow,ground_floor,2,2,1.0,0.75,2.67
KYTSAR2,2026-02-25,14,B-flow,ground_floor,10,10,1.0,1.0,10.0
KYTSAR2,2026-02-25,15,B-flow,ground_floor,3,3,1.0,1.0,3.0
LAHODO2,2026-02-25,15,A-flow,ground_floor,7,86,12.29,0.5,14.0
LAHODO2,2026-02-25,15,B-flow,ground_floor,13,139,10.69,0.5,26.0
LAHODO2,2026-02-25,16,B-flow,ground_floor,35,751,21.46,1.0,35.0
LAHODO2,2026-02-25,18,A-flow,ground_floor,10,66,6.6,0.5,20.0
LAHODO2,2026-02-25,18,B-flow,ground_floor,22,170,7.73,0.5,44.0
LAHODO2,2026-02-25,19,B-flow,ground_floor,23,339,14.74,0.5,46.0
LAHODO2,2026-02-25,20,A-flow,ground_floor,49,49,1.0,1.0,49.0
LAHODO2,2026-02-25,22,B-flow,ground_floor,76,301,3.96,1.0,76.0
MAKSYJ3,2026-02-25,9,B-flow,ground_floor,1,1,1.0,1.0,1.0
MATHOM2,2026-02-25,12,A-flow,ground_floor,5,37,7.4,1.0,5.0
MATHOM2,2026-02-25,13,B-flow,ground_floor,1,1,1.0,0.75,1.33
MAZGUA2,2026-02-25,15,B-flow,ground_floor,33,788,23.88,1.0,33.0
MAZGUA2,2026-02-25,16,A-flow,ground_floor,18,361,20.06,0.5,36.0
MAZGUA2,2026-02-25,16,B-flow,ground_floor,19,488,25.68,0.5,38.0
MAZGUA2,2026-02-25,17,A-flow,ground_floor,18,125,6.94,0.38,48.0
MAZGUA2,2026-02-25,17,B-flow,ground_floor,3,21,7.0,0.38,8.0
MAZGUA2,2026-02-25,18,A-flow,ground_floor,7,99,14.14,0.5,14.0
MAZGUA2,2026-02-25,18,B-flow,ground_floor,1,6,6.0,0.5,2.0
MAZGUA2,2026-02-25,19,B-flow,ground_floor,19,558,29.37,0.5,38.0
MAZGUA2,2026-02-25,20,A-flow,ground_floor,27,351,13.0,0.5,54.0
MAZGUA2,2026-02-25,20,B-flow,ground_floor,23,784,34.09,0.5,46.0
MAZGUA2,2026-02-25,21,B-flow,ground_floor,16,2514,157.12,0.75,21.33
MAZGUA2,2026-02-25,22,A-flow,ground_floor,33,289,8.76,1.0,33.0
MOLENK3,2026-02-25,7,B-flow,ground_floor,48,681,14.19,1.0,48.0
MOLENK3,2026-02-25,8,B-flow,ground_floor,36,601,16.69,1.0,36.0
MOLENK3,2026-02-25,9,B-flow,ground_floor,6,20,3.33,1.0,6.0
MOLENK3,2026-02-25,10,B-flow,ground_floor,40,687,17.18,0.75,53.33
MOLENK3,2026-02-25,11,B-flow,ground_floor,37,550,14.86,0.5,74.0
MOLENK3,2026-02-25,12,B-flow,ground_floor,7,35,5.0,1.0,7.0
MOLENK3,2026-02-25,13,B-flow,ground_floor,34,413,12.15,0.75,45.33
MOLENK3,2026-02-25,14,B-flow,ground_floor,25,336,13.44,1.0,25.0
MOLENK3,2026-02-25,15,A-flow,ground_floor,10,56,5.6,1.0,10.0
NATIRT2,2026-02-25,15,B-flow,ground_floor,13,54,4.15,1.0,13.0
NATIRT2,2026-02-25,20,A-flow,ground_floor,9,210,23.33,1.0,9.0
NATIRT2,2026-02-25,21,B-flow,ground_floor,23,281,12.22,0.75,30.67
NATIRT2,2026-02-25,22,B-flow,ground_floor,179,179,1.0,1.0,179.0
NGUYET206,2026-02-25,14,B-flow,ground_floor,2,16,8.0,1.0,2.0
NGUYET206,2026-02-25,15,B-flow,ground_floor,1,12,12.0,1.0,1.0
NGUYET206,2026-02-25,16,B-flow,ground_floor,4,38,9.5,1.0,4.0
NGUYET206,2026-02-25,17,A-flow,ground_floor,1,50,50.0,0.25,4.0
NGUYET206,2026-02-25,17,B-flow,ground_floor,2,10,5.0,0.25,8.0
NGUYET206,2026-02-25,17,unknown_flow,ground_floor,1,6,6.0,0.25,4.0
NGUYET206,2026-02-25,18,A-flow,ground_floor,3,17,5.67,1.0,3.0
NGUYET206,2026-02-25,19,A-flow,ground_floor,5,62,12.4,0.5,10.0
NGUYET206,2026-02-25,20,A-flow,ground_floor,2,7,3.5,1.0,2.0
OLESJ2,2026-02-25,18,B-flow,ground_floor,49,49,1.0,1.0,49.0
OLIVIJ3,2026-02-25,15,A-flow,ground_floor,14,142,10.14,1.0,14.0
OLIVIJ3,2026-02-25,21,A-flow,ground_floor,19,185,9.74,0.75,25.33
OLIVIJ3,2026-02-25,22,B-flow,ground_floor,76,1382,18.18,1.0,76.0
ORLOWR2,2026-02-25,15,B-flow,ground_floor,2,22,11.0,0.5,4.0
ORLOWR2,2026-02-25,15,unknown_flow,ground_floor,4,4,1.0,0.5,8.0
ORLOWR2,2026-02-25,20,A-flow,ground_floor,15,218,14.53,0.5,30.0
ORLOWR2,2026-02-25,20,B-flow,ground_floor,21,298,14.19,0.5,42.0
ORLOWR2,2026-02-25,21,A-flow,ground_floor,24,264,11.0,0.75,32.0
ORLOWR2,2026-02-25,22,A-flow,ground_floor,3,3,1.0,0.5,6.0
ORLOWR2,2026-02-25,22,B-flow,ground_floor,29,247,8.52,0.5,58.0
OSTAPO2,2026-02-25,7,A-flow,ground_floor,43,43,1.0,1.0,43.0
OSTAPO2,2026-02-25,8,A-flow,ground_floor,30,30,1.0,1.0,30.0
OSTAPO2,2026-02-25,9,A-flow,ground_floor,33,33,1.0,1.0,33.0
OSTAPO2,2026-02-25,10,A-flow,ground_floor,18,18,1.0,0.75,24.0
OSTAPO2,2026-02-25,11,A-flow,ground_floor,27,363,13.44,0.5,54.0
OSTAPO2,2026-02-25,12,A-flow,ground_floor,22,490,22.27,1.0,22.0
OSTAPO2,2026-02-25,13,A-flow,ground_floor,2,35,17.5,0.75,2.67
OSTAPO2,2026-02-25,14,A-flow,ground_floor,33,649,19.67,1.0,33.0
OSTAPO2,2026-02-25,15,B-flow,ground_floor,8,156,19.5,1.0,8.0
PALADM2,2026-02-25,7,A-flow,ground_floor,8,52,6.5,0.5,16.0
PALADM2,2026-02-25,7,B-flow,ground_floor,31,290,9.35,0.5,62.0
PALADM2,2026-02-25,14,B-flow,ground_floor,34,296,8.71,1.0,34.0
PALADM2,2026-02-25,15,B-flow,ground_floor,30,493,16.43,1.0,30.0
PALUNI2,2026-02-25,7,A-flow,ground_floor,13,36,2.77,1.0,13.0
PALUNI2,2026-02-25,8,A-flow,ground_floor,108,1365,12.64,1.0,108.0
PALUNI2,2026-02-25,9,A-flow,ground_floor,109,2019,18.52,1.0,109.0
PALUNI2,2026-02-25,10,A-flow,ground_floor,39,379,9.72,0.75,52.0
PALUNI2,2026-02-25,11,A-flow,ground_floor,77,1320,17.14,0.5,154.0
PALUNI2,2026-02-25,12,A-flow,ground_floor,11,275,25.0,0.5,22.0
PALUNI2,2026-02-25,12,B-flow,ground_floor,23,376,16.35,0.5,46.0
PALUNI2,2026-02-25,13,B-flow,ground_floor,19,267,14.05,0.75,25.33
PALUNI2,2026-02-25,14,B-flow,ground_floor,36,778,21.61,1.0,36.0
PALUNI2,2026-02-25,15,A-flow,ground_floor,9,104,11.56,1.0,9.0
PAPANC2,2026-02-25,15,A-flow,ground_floor,5,32,6.4,0.5,10.0
PAPANC2,2026-02-25,15,B-flow,ground_floor,18,363,20.17,0.5,36.0
PAPANC2,2026-02-25,16,B-flow,ground_floor,35,604,17.26,1.0,35.0
PAPANC2,2026-02-25,17,A-flow,ground_floor,8,8,1.0,0.38,21.33
PAPANC2,2026-02-25,17,B-flow,ground_floor,11,66,6.0,0.38,29.33
PAPANC2,2026-02-25,18,A-flow,ground_floor,9,129,14.33,0.5,18.0
PAPANC2,2026-02-25,18,B-flow,ground_floor,15,247,16.47,0.5,30.0
PAPANC2,2026-02-25,20,A-flow,ground_floor,34,453,13.32,1.0,34.0
PAPANC2,2026-02-25,21,A-flow,ground_floor,6,60,10.0,0.75,8.0
PAPANC2,2026-02-25,22,B-flow,ground_floor,42,311,7.4,1.0,42.0
PAPANR2,2026-02-25,15,A-flow,ground_floor,1,6,6.0,0.5,2.0
PAPANR2,2026-02-25,15,B-flow,ground_floor,25,350,14.0,0.5,50.0
POLEHS2,2026-02-25,7,A-flow,ground_floor,34,551,16.21,1.0,34.0
POLEHS2,2026-02-25,8,B-flow,ground_floor,14,143,10.21,1.0,14.0
POLEHS2,2026-02-25,9,B-flow,ground_floor,41,474,11.56,1.0,41.0
POLEHS2,2026-02-25,10,B-flow,ground_floor,47,443,9.43,0.75,62.67
POLEHS2,2026-02-25,11,B-flow,ground_floor,10,270,27.0,0.5,20.0
POLEHS2,2026-02-25,12,B-flow,ground_floor,53,610,11.51,1.0,53.0
POLEHS2,2026-02-25,13,B-flow,ground_floor,39,466,11.95,0.75,52.0
POLEHS2,2026-02-25,14,B-flow,ground_floor,36,777,21.58,1.0,36.0
POLEHS2,2026-02-25,15,A-flow,ground_floor,18,218,12.11,1.0,18.0
PRIFTE2,2026-02-25,15,A-flow,ground_floor,8,201,25.12,1.0,8.0
PRIFTE2,2026-02-25,18,A-flow,ground_floor,9,78,8.67,0.5,18.0
PRIFTE2,2026-02-25,18,B-flow,ground_floor,41,807,19.68,0.5,82.0
PRIFTE2,2026-02-25,19,A-flow,ground_floor,25,421,16.84,0.5,50.0
PRIFTE2,2026-02-25,20,A-flow,ground_floor,1,25,25.0,0.5,2.0
PRIFTE2,2026-02-25,20,B-flow,ground_floor,68,531,7.81,0.5,136.0
PRIFTE2,2026-02-25,21,A-flow,ground_floor,4,103,25.75,0.38,10.67
PRIFTE2,2026-02-25,21,B-flow,ground_floor,18,262,14.56,0.38,48.0
PRIFTE2,2026-02-25,22,A-flow,ground_floor,9,96,10.67,0.33,27.0
PRIFTE2,2026-02-25,22,B-flow,ground_floor,31,338,10.9,0.33,93.0
PRIFTE2,2026-02-25,22,unknown_flow,ground_floor,11,146,13.27,0.33,33.0
ROMANM50,2026-02-25,7,A-flow,ground_floor,9,100,11.11,0.5,18.0
ROMANM50,2026-02-25,7,B-flow,ground_floor,30,285,9.5,0.5,60.0
ROMANM50,2026-02-25,8,B-flow,ground_floor,38,375,9.87,1.0,38.0
ROMANM50,2026-02-25,10,B-flow,ground_floor,36,570,15.83,0.75,48.0
SCHEPA4,2026-02-25,16,unknown_flow,ground_floor,1,12,12.0,1.0,1.0
SHUSHV2,2026-02-25,15,A-flow,ground_floor,1,1,1.0,0.5,2.0
SHUSHV2,2026-02-25,15,B-flow,ground_floor,14,210,15.0,0.5,28.0
SHVABY2,2026-02-25,15,A-flow,ground_floor,4,13,3.25,1.0,4.0
SHYTYO2,2026-02-25,7,A-flow,ground_floor,16,386,24.12,1.0,16.0
SHYTYO2,2026-02-25,8,A-flow,ground_floor,16,77,4.81,1.0,16.0
SHYTYO2,2026-02-25,9,A-flow,ground_floor,15,111,7.4,1.0,15.0
SHYTYO2,2026-02-25,10,A-flow,ground_floor,11,163,14.82,0.75,14.67
SHYTYO2,2026-02-25,11,A-flow,ground_floor,8,165,20.62,0.5,16.0
SHYTYO2,2026-02-25,12,A-flow,ground_floor,9,105,11.67,1.0,9.0
SHYTYO2,2026-02-25,13,A-flow,ground_floor,10,93,9.3,0.75,13.33
SHYTYO2,2026-02-25,14,A-flow,ground_floor,9,63,7.0,1.0,9.0
SHYTYO2,2026-02-25,15,A-flow,ground_floor,17,110,6.47,1.0,17.0
SIEKIS2,2026-02-25,15,B-flow,ground_floor,9,216,24.0,1.0,9.0
SLAVKM2,2026-02-25,15,A-flow,ground_floor,9,166,18.44,0.5,18.0
SLAVKM2,2026-02-25,15,B-flow,ground_floor,19,256,13.47,0.5,38.0
SLAVKM2,2026-02-25,16,A-flow,ground_floor,20,110,5.5,0.5,40.0
SLAVKM2,2026-02-25,16,B-flow,ground_floor,10,195,19.5,0.5,20.0
SLAVKM2,2026-02-25,17,A-flow,ground_floor,7,30,4.29,0.38,18.67
SLAVKM2,2026-02-25,17,B-flow,ground_floor,35,502,14.34,0.38,93.33
SLAVKM2,2026-02-25,18,A-flow,ground_floor,14,153,10.93,0.5,28.0
SLAVKM2,2026-02-25,18,B-flow,ground_floor,46,606,13.17,0.5,92.0
SLAVKM2,2026-02-25,19,A-flow,ground_floor,5,40,8.0,0.5,10.0
SLAVKM2,2026-02-25,20,A-flow,ground_floor,13,562,43.23,0.5,26.0
SLAVKM2,2026-02-25,20,B-flow,ground_floor,72,2102,29.19,0.5,144.0
SLAVKM2,2026-02-25,21,A-flow,ground_floor,11,29,2.64,0.75,14.67
SLAVKM2,2026-02-25,22,A-flow,ground_floor,31,214,6.9,0.5,62.0
SLAVKM2,2026-02-25,22,B-flow,ground_floor,20,138,6.9,0.5,40.0
SOCHAE4,2026-02-25,7,B-flow,ground_floor,88,793,9.01,1.0,88.0
SOCHAE4,2026-02-25,8,B-flow,ground_floor,86,1241,14.43,1.0,86.0
SOCHAE4,2026-02-25,9,B-flow,ground_floor,50,1164,23.28,1.0,50.0
SOCHAE4,2026-02-25,10,B-flow,ground_floor,58,1049,18.09,0.75,77.33
SOCHAE4,2026-02-25,11,B-flow,ground_floor,49,1375,28.06,0.5,98.0
SOCHAE4,2026-02-25,12,B-flow,ground_floor,68,715,10.51,0.5,136.0
SOCHAE4,2026-02-25,12,unknown_flow,ground_floor,1,1,1.0,0.5,2.0
SOCHAE4,2026-02-25,13,B-flow,ground_floor,62,964,15.55,0.75,82.67
SOCHAE4,2026-02-25,14,B-flow,ground_floor,84,1409,16.77,1.0,84.0
SOCHAE4,2026-02-25,15,A-flow,ground_floor,8,26,3.25,1.0,8.0
SOCOLE2,2026-02-25,22,A-flow,ground_floor,11,428,38.91,0.5,22.0
SOCOLE2,2026-02-25,22,B-flow,ground_floor,5,74,14.8,0.5,10.0
SOLERA3,2026-02-25,15,A-flow,ground_floor,9,71,7.89,1.0,9.0
SOLERA3,2026-02-25,16,B-flow,ground_floor,31,349,11.26,1.0,31.0
SOLERA3,2026-02-25,17,B-flow,ground_floor,8,89,11.12,0.75,10.67
SOLERA3,2026-02-25,18,B-flow,ground_floor,52,422,8.12,1.0,52.0
SOLERA3,2026-02-25,19,B-flow,ground_floor,5,182,36.4,0.5,10.0
SOLERA3,2026-02-25,20,B-flow,ground_floor,48,476,9.92,1.0,48.0
SOLERA3,2026-02-25,21,B-flow,ground_floor,24,72,3.0,0.75,32.0
SOLERA3,2026-02-25,22,B-flow,ground_floor,160,160,1.0,1.0,160.0
STIPIA2,2026-02-25,15,B-flow,ground_floor,16,171,10.69,1.0,16.0
STIPIA2,2026-02-25,16,B-flow,ground_floor,14,203,14.5,1.0,14.0
STIPIA2,2026-02-25,17,A-flow,ground_floor,8,12,1.5,0.38,21.33
STIPIA2,2026-02-25,17,B-flow,ground_floor,6,168,28.0,0.38,16.0
STIPIA2,2026-02-25,18,B-flow,ground_floor,27,283,10.48,1.0,27.0
STIPIA2,2026-02-25,19,A-flow,ground_floor,6,150,25.0,0.25,24.0
STIPIA2,2026-02-25,19,B-flow,ground_floor,15,225,15.0,0.25,60.0
STIPIA2,2026-02-25,20,B-flow,ground_floor,39,616,15.79,1.0,39.0
STIPIA2,2026-02-25,21,B-flow,ground_floor,32,96,3.0,0.75,42.67
STIPIA2,2026-02-25,22,A-flow,ground_floor,16,106,6.62,1.0,16.0
STRYZA2,2026-02-25,15,B-flow,ground_floor,32,556,17.38,1.0,32.0
STRYZA2,2026-02-25,16,B-flow,ground_floor,19,184,9.68,1.0,19.0
STRYZA2,2026-02-25,17,A-flow,ground_floor,7,25,3.57,0.75,9.33
STRYZA2,2026-02-25,18,A-flow,ground_floor,6,6,1.0,0.5,12.0
STRYZA2,2026-02-25,18,B-flow,ground_floor,4,33,8.25,0.5,8.0
STRYZA2,2026-02-25,19,B-flow,ground_floor,33,606,18.36,0.5,66.0
STRYZA2,2026-02-25,20,A-flow,ground_floor,18,357,19.83,0.5,36.0
STRYZA2,2026-02-25,20,B-flow,ground_floor,2,34,17.0,0.5,4.0
STRYZA2,2026-02-25,22,A-flow,ground_floor,17,85,5.0,0.5,34.0
STRYZA2,2026-02-25,22,B-flow,ground_floor,32,350,10.94,0.5,64.0
SZABOI2,2026-02-25,15,B-flow,ground_floor,36,544,15.11,1.0,36.0
SZABOI2,2026-02-25,16,A-flow,ground_floor,7,42,6.0,1.0,7.0
SZABOI2,2026-02-25,17,B-flow,ground_floor,31,207,6.68,0.75,41.33
SZABOI2,2026-02-25,18,A-flow,ground_floor,4,15,3.75,0.5,8.0
SZABOI2,2026-02-25,18,B-flow,ground_floor,37,493,13.32,0.5,74.0
SZABOI2,2026-02-25,19,B-flow,ground_floor,21,640,30.48,0.5,42.0
SZABOI2,2026-02-25,20,A-flow,ground_floor,24,382,15.92,0.5,48.0
SZABOI2,2026-02-25,20,B-flow,ground_floor,18,221,12.28,0.5,36.0
SZABOI2,2026-02-25,21,A-flow,ground_floor,8,53,6.62,0.75,10.67
SZABOI2,2026-02-25,22,B-flow,ground_floor,48,1484,30.92,1.0,48.0
SZUMIM2,2026-02-25,13,unknown_flow,ground_floor,1,1,1.0,0.75,1.33
TANASS2,2026-02-25,7,A-flow,ground_floor,59,59,1.0,1.0,59.0
TANASS2,2026-02-25,8,A-flow,ground_floor,41,986,24.05,1.0,41.0
TANASS2,2026-02-25,9,A-flow,ground_floor,3,3,1.0,1.0,3.0
TARABR2,2026-02-25,7,A-flow,ground_floor,4,4,1.0,0.5,8.0
TARABR2,2026-02-25,7,B-flow,ground_floor,31,207,6.68,0.5,62.0
TARABR2,2026-02-25,8,B-flow,ground_floor,30,430,14.33,1.0,30.0
TARABR2,2026-02-25,9,B-flow,ground_floor,19,203,10.68,1.0,19.0
TARABR2,2026-02-25,10,B-flow,ground_floor,10,132,13.2,0.75,13.33
TARABR2,2026-02-25,12,B-flow,ground_floor,20,210,10.5,1.0,20.0
TARABR2,2026-02-25,13,B-flow,ground_floor,13,154,11.85,0.75,17.33
TSIOUP2,2026-02-25,7,B-flow,ground_floor,33,403,12.21,1.0,33.0
TSIOUP2,2026-02-25,8,B-flow,ground_floor,20,251,12.55,1.0,20.0
URSACD2,2026-02-25,15,A-flow,ground_floor,18,384,21.33,0.5,36.0
URSACD2,2026-02-25,15,B-flow,ground_floor,15,364,24.27,0.5,30.0
URSACD2,2026-02-25,16,B-flow,ground_floor,25,382,15.28,1.0,25.0
URSACD2,2026-02-25,17,A-flow,ground_floor,8,68,8.5,0.38,21.33
URSACD2,2026-02-25,17,B-flow,ground_floor,4,13,3.25,0.38,10.67
URSACD2,2026-02-25,18,A-flow,ground_floor,25,44,1.76,0.5,50.0
URSACD2,2026-02-25,18,B-flow,ground_floor,3,29,9.67,0.5,6.0
URSACD2,2026-02-25,19,A-flow,ground_floor,12,120,10.0,0.25,48.0
URSACD2,2026-02-25,19,B-flow,ground_floor,16,234,14.62,0.25,64.0
URSACD2,2026-02-25,20,A-flow,ground_floor,18,112,6.22,0.5,36.0
URSACD2,2026-02-25,20,B-flow,ground_floor,41,577,14.07,0.5,82.0
URSACD2,2026-02-25,21,A-flow,ground_floor,7,61,8.71,0.38,18.67
URSACD2,2026-02-25,21,B-flow,ground_floor,22,280,12.73,0.38,58.67
URSACD2,2026-02-25,22,A-flow,ground_floor,8,26,3.25,0.5,16.0
URSACD2,2026-02-25,22,B-flow,ground_floor,26,219,8.42,0.5,52.0
VARAVS2,2026-02-25,7,A-flow,ground_floor,17,100,5.88,0.5,34.0
VARAVS2,2026-02-25,7,B-flow,ground_floor,53,1193,22.51,0.5,106.0
VARAVS2,2026-02-25,8,B-flow,ground_floor,45,415,9.22,1.0,45.0
VARAVS2,2026-02-25,10,B-flow,ground_floor,62,1038,16.74,0.75,82.67
VARAVS2,2026-02-25,12,B-flow,ground_floor,19,229,12.05,0.5,38.0
VARAVS2,2026-02-25,12,unknown_flow,ground_floor,25,25,1.0,0.5,50.0
VARAVS2,2026-02-25,14,B-flow,ground_floor,38,159,4.18,1.0,38.0
VARAVS2,2026-02-25,15,B-flow,ground_floor,2,12,6.0,1.0,2.0
VEERK2,2026-02-25,7,A-flow,ground_floor,10,82,8.2,0.5,20.0
VEERK2,2026-02-25,7,B-flow,ground_floor,44,390,8.86,0.5,88.0
VEERK2,2026-02-25,9,A-flow,ground_floor,32,639,19.97,0.5,64.0
VEERK2,2026-02-25,9,B-flow,ground_floor,37,304,8.22,0.5,74.0
VEERK2,2026-02-25,10,B-flow,ground_floor,17,632,37.18,0.75,22.67
VEERK2,2026-02-25,11,B-flow,ground_floor,7,67,9.57,0.5,14.0
VEERK2,2026-02-25,12,B-flow,ground_floor,58,243,4.19,1.0,58.0
VEERK2,2026-02-25,13,B-flow,ground_floor,33,723,21.91,0.75,44.0
VEERK2,2026-02-25,14,B-flow,ground_floor,35,434,12.4,1.0,35.0
VEERK2,2026-02-25,15,A-flow,ground_floor,19,280,14.74,1.0,19.0
VILKHA2,2026-02-25,7,A-flow,ground_floor,1,10,10.0,0.5,2.0
VILKHA2,2026-02-25,7,B-flow,ground_floor,36,108,3.0,0.5,72.0
VILKHA2,2026-02-25,8,A-flow,ground_floor,6,91,15.17,0.5,12.0
VILKHA2,2026-02-25,8,B-flow,ground_floor,54,2760,51.11,0.5,108.0
VILKHA2,2026-02-25,9,B-flow,ground_floor,48,457,9.52,1.0,48.0
VILKHA2,2026-02-25,10,B-flow,ground_floor,45,566,12.58,0.75,60.0
VILKHA2,2026-02-25,11,B-flow,ground_floor,40,631,15.78,0.5,80.0
VILKHA2,2026-02-25,12,B-flow,ground_floor,32,448,14.0,1.0,32.0
VOROSK2,2026-02-25,7,B-flow,ground_floor,14,198,14.14,1.0,14.0
VOROSK2,2026-02-25,8,B-flow,ground_floor,92,541,5.88,1.0,92.0
VOROSK2,2026-02-25,9,B-flow,ground_floor,26,412,15.85,1.0,26.0
VOROSK2,2026-02-25,10,B-flow,ground_floor,24,317,13.21,0.75,32.0
VOROSK2,2026-02-25,11,B-flow,ground_floor,25,491,19.64,0.5,50.0
VOROSK2,2026-02-25,12,B-flow,ground_floor,29,471,16.24,1.0,29.0
VOROSK2,2026-02-25,13,B-flow,ground_floor,24,672,28.0,0.75,32.0
VOROSK2,2026-02-25,14,B-flow,ground_floor,48,919,19.15,1.0,48.0
VOROSK2,2026-02-25,15,B-flow,ground_floor,3,30,10.0,1.0,3.0
VYSOCV2,2026-02-25,13,B-flow,ground_floor,17,326,19.18,0.75,22.67
VYSOCV2,2026-02-25,14,B-flow,ground_floor,24,268,11.17,1.0,24.0
VYSOCV2,2026-02-25,15,A-flow,ground_floor,25,80,3.2,1.0,25.0
VYSOCV2,2026-02-25,16,B-flow,ground_floor,27,522,19.33,1.0,27.0
VYSOCV2,2026-02-25,17,B-flow,ground_floor,16,1401,87.56,0.75,21.33
VYSOCV2,2026-02-25,18,B-flow,ground_floor,27,630,23.33,1.0,27.0
VYSOCV2,2026-02-25,19,A-flow,ground_floor,9,54,6.0,0.25,36.0
VYSOCV2,2026-02-25,19,B-flow,ground_floor,1,50,50.0,0.25,4.0
VYSOCV2,2026-02-25,20,B-flow,ground_floor,39,881,22.59,1.0,39.0
WASILJ3,2026-02-25,15,A-flow,ground_floor,8,52,6.5,0.5,16.0
WASILJ3,2026-02-25,15,B-flow,ground_floor,24,238,9.92,0.5,48.0
WASILJ3,2026-02-25,16,A-flow,ground_floor,27,153,5.67,1.0,27.0
WASILJ3,2026-02-25,17,A-flow,ground_floor,6,6,1.0,0.75,8.0
WASILJ3,2026-02-25,18,B-flow,ground_floor,41,284,6.93,1.0,41.0
WASILJ3,2026-02-25,22,B-flow,ground_floor,52,583,11.21,1.0,52.0
WILLES10,2026-02-25,8,A-flow,ground_floor,2,11,5.5,1.0,2.0
WILLES10,2026-02-25,15,B-flow,ground_floor,2,11,5.5,1.0,2.0
WMIMOUT03,2026-02-25,16,B-flow,ground_floor,1,6,6.0,1.0,1.0
ZANE2,2026-02-25,7,B-flow,ground_floor,32,192,6.0,1.0,32.0
ZANE2,2026-02-25,8,B-flow,ground_floor,76,1226,16.13,1.0,76.0
ZANE2,2026-02-25,9,B-flow,ground_floor,23,376,16.35,1.0,23.0
